code3,typeName,2000,2001,2002,2003,2004,2005,2006,2007,2008,2009,2010,2011,2012,2013,2014,2015,2016
IRQ,Asylumn Seekers,40652,34848,29655,31615,30638,34443,47318,27693,25675,22383,29956,24502,24257,43144,104900,237178,278287
TJK,Asylumn Seekers,647,403,225,212,160,149,123,105,150,269,331,382,447,604,959,1456,3182
BDI,Asylumn Seekers,3630,3928,7445,8061,7860,8268,5527,7057,6645,4864,7511,9508,12968,14399,19376,26865,24364
CMR,Asylumn Seekers,1495,2167,2849,3358,3742,4860,3385,2991,2933,2258,2102,2501,3409,4243,5140,7394,10863
COD,Asylumn Seekers,19850,28265,44084,51958,50922,55962,29223,36295,36278,31126,43090,52324,58680,65367,67425,76043,82527
COG,Asylumn Seekers,4147,4270,7029,6976,7159,8174,4872,6082,5039,3202,3013,1977,2516,3306,3459,4099,4293
COM,Asylumn Seekers,94,80,37,48,521,516,11,43,40,13,13,33,49,327,349,233,221
GIN,Asylumn Seekers,2526,3858,3826,3174,2492,3277,2667,1935,2016,2828,2782,4665,9536,11633,17942,17858,24356
GNB,Asylumn Seekers,687,741,283,235,204,250,309,262,277,338,351,505,911,1212,1808,1938,1855
LBR,Asylumn Seekers,4208,6365,10571,6197,7590,6000,5017,3540,2394,2203,1917,1977,2016,1994,2381,2430,2586
MRT,Asylumn Seekers,1788,2568,2979,2883,2586,2304,1811,1017,784,911,764,592,3042,3860,7025,7485,7355
RWA,Asylumn Seekers,24811,25916,11044,10152,5359,15880,8631,8246,6108,4812,10319,9256,10303,8492,10022,10949,11681
SLE,Asylumn Seekers,6876,9077,7475,6918,8133,5950,5640,4666,2623,2949,1418,1221,2327,2415,3216,3505,4632
TCD,Asylumn Seekers,2431,2992,2438,2328,2545,3113,3431,2675,3369,2321,2691,3141,3781,3856,3306,3283,3155
TZA,Asylumn Seekers,808,821,2500,3572,4348,5250,225,2921,2901,203,212,559,812,1027,1085,1592,1200
ZMB,Asylumn Seekers,123,107,177,263,382,481,67,496,495,54,58,190,260,305,301,442,290
AFG,Asylumn Seekers,40294,30793,26694,26315,16990,14033,14977,16088,23179,30412,37120,39203,62313,75295,92382,258889,368937
BIH,Asylumn Seekers,4307,4189,5936,2195,1193,1815,1687,1106,1159,1156,1347,1955,2796,4147,6780,7023,3091
ETH,Asylumn Seekers,14555,12326,8965,10823,13124,16235,16689,29483,31507,48739,48875,38842,41927,49336,61446,76709,78017
IND,Asylumn Seekers,9793,9755,11057,11474,11721,12193,6755,7081,6876,4722,3863,4339,6664,12482,17275,24881,27741
IRN,Asylumn Seekers,20635,14139,13185,11367,9534,12895,13712,10368,11160,13752,16065,18464,24056,28800,35833,57086,87448
JOR,Asylumn Seekers,559,566,733,729,722,670,774,743,759,772,622,534,635,944,1335,1850,2404
LBY,Asylumn Seekers,542,484,929,904,820,769,671,623,765,641,566,1963,1907,2090,3966,6054,6486
PAK,Asylumn Seekers,7205,8008,11381,16849,15793,16457,6758,8614,6254,4756,20017,13695,23709,47568,45165,63955,67693
PSE,Asylumn Seekers,545,892,1012,1086,1032,1066,1387,2420,2661,2501,3209,1780,2438,3348,3665,4336,5939
QAT,Asylumn Seekers,30,31,31,18,4,7,6,2,3,5,7,7,6,5,9,14,13
SDN,Asylumn Seekers,19112,19827,14016,6694,11969,13478,16654,19417,18080,16922,23713,31465,21548,28388,36174,42919,46849
SOM,Asylumn Seekers,11979,16197,13960,14790,20529,30468,22021,16436,20543,21084,22839,31255,33690,35657,50615,56671,60412
SYR,Asylumn Seekers,3732,3864,4275,3552,3794,7004,7513,6868,5989,5570,9764,14456,26023,41037,84305,245857,184168
UGA,Asylumn Seekers,1064,948,2043,2831,3214,4313,1348,3155,3140,909,951,1985,3091,3772,4795,6443,5297
YEM,Asylumn Seekers,856,743,640,479,338,419,359,320,473,620,627,1162,1592,1882,2760,10074,15818
AGO,Asylumn Seekers,5493,9853,14282,11718,9548,8352,1581,798,741,699,732,783,1166,1460,1774,3281,4736
ALB,Asylumn Seekers,2817,3978,4992,4535,3328,2579,2279,1640,1822,1592,1358,2203,3718,9765,15212,42162,23771
ARM,Asylumn Seekers,5228,6078,5669,4967,4049,4352,5402,3983,3768,4081,2957,2657,2889,5369,6943,8502,13077
AZE,Asylumn Seekers,5285,5746,4999,4630,3951,4125,3098,1902,1872,2470,2072,2193,2193,3622,4584,5230,8075
BEN,Asylumn Seekers,144,183,231,260,215,272,160,169,187,197,235,274,442,518,721,1164,1151
BGD,Asylumn Seekers,3322,3449,4828,8271,9346,10166,4022,7335,6711,1826,6510,5252,8184,22870,22080,30558,25889
BGR,Asylumn Seekers,1306,1509,1746,1379,1221,1217,832,414,300,437,128,180,144,178,193,206,232
BOL,Asylumn Seekers,125,160,490,487,385,353,429,423,161,165,137,153,167,214,271,350,412
CHL,Asylumn Seekers,163,204,515,309,201,92,79,131,124,180,174,124,70,70,103,155,194
COL,Asylumn Seekers,5013,15470,21918,22941,21530,19754,21923,43101,52635,64335,60355,42587,18641,15644,4735,6891,12550
CUB,Asylumn Seekers,3469,3533,2691,2214,1994,1683,1342,1085,882,2226,4404,928,839,1127,1848,2364,4990
DOM,Asylumn Seekers,50,126,144,125,149,79,123,135,270,407,396,353,358,850,1148,1710,2339
DZA,Asylumn Seekers,2330,2751,2380,1922,1348,1391,1544,1356,1536,1546,1713,2187,2463,4295,5535,7622,7127
ECU,Asylumn Seekers,271,444,836,702,494,287,270,281,244,281,209,259,517,2343,6970,10418,13685
EST,Asylumn Seekers,78,99,160,187,149,135,126,59,38,40,18,40,29,27,33,47,37
GEO,Asylumn Seekers,1473,2529,2767,2996,2791,3011,4386,4066,5086,4759,7195,2953,4583,11571,8332,9255,10265
GHA,Asylumn Seekers,985,1104,1158,1671,1671,2351,1147,1654,2016,1347,2023,2514,3491,4991,7703,10721,11512
HTI,Asylumn Seekers,19739,21963,22187,18357,16275,13519,10540,10259,12671,11891,7204,7470,2629,5165,6729,9272,22440
KAZ,Asylumn Seekers,747,876,932,894,661,608,659,549,586,604,746,748,920,1146,1254,1569,2211
KGZ,Asylumn Seekers,321,388,537,611,471,371,583,440,407,437,1575,1568,1202,1287,1907,2274,2357
MAR,Asylumn Seekers,182,273,299,266,263,463,589,466,534,610,846,1153,1786,2875,3473,5602,7171
NGA,Asylumn Seekers,3465,4147,7665,14663,13268,14039,8366,9739,10474,9663,11926,10532,14188,21349,31241,51371,66315
NIC,Asylumn Seekers,13139,13178,9940,6862,6241,4426,2301,825,468,437,159,139,123,515,727,1248,2111
PER,Asylumn Seekers,2445,2749,3586,2780,2112,1649,1926,3065,2503,5816,4776,499,340,704,1033,1539,2281
PRY,Asylumn Seekers,14,20,49,54,47,35,37,45,32,32,24,22,24,30,35,72,108
ROU,Asylumn Seekers,2466,2809,2296,2169,1338,1129,1320,566,392,421,326,473,617,1156,1053,1376,2480
RUS,Asylumn Seekers,10602,14673,19623,21047,13013,14317,19062,17587,15715,13293,10475,11854,15263,25966,27485,27517,34964
SEN,Asylumn Seekers,911,1243,791,835,1553,1850,1242,905,819,633,1535,937,2663,4707,8800,14311,16278
TUN,Asylumn Seekers,362,396,433,385,346,365,354,346,368,505,558,1613,2290,1791,1910,2354,1997
TUR,Asylumn Seekers,10237,13332,12516,8530,5291,11316,12194,9184,8538,9293,7514,6900,8866,10559,11559,12101,23198
UKR,Asylumn Seekers,3043,5900,4875,2866,2652,2670,3487,2423,1899,1544,1260,1054,1211,1641,15535,22368,27817
UZB,Asylumn Seekers,376,659,1532,1527,1339,1475,2155,1833,1840,1581,1617,1516,1440,1784,2077,2680,2987
ZAF,Asylumn Seekers,112,187,188,282,551,165,160,119,151,170,214,214,236,362,539,849,935
ARG,Asylumn Seekers,1562,1453,1333,1135,507,292,179,121,143,157,90,60,48,84,117,170,204
AUS,Asylumn Seekers,4,11,15,7,12,4,7,1,10,11,10,8,9,12,7,5,5
AUT,Asylumn Seekers,4,4,12,11,5,4,16,6,2,2,3,2,6,9,4,4,0
BHR,Asylumn Seekers,55,9,14,12,22,27,20,18,13,4,26,76,110,91,101,89,76
BLR,Asylumn Seekers,771,1134,2077,2098,1410,1431,1709,1207,1079,981,739,914,1023,879,985,1477,1903
BRA,Asylumn Seekers,650,798,1147,1267,1017,593,433,312,369,374,250,201,251,569,1205,2159,3752
CHN,Asylumn Seekers,17185,19795,25222,21258,19725,19394,17293,15536,19621,18337,7746,11377,15366,24811,47759,57706,72123
CYP,Asylumn Seekers,7,13,21,8,4,4,1,2,2,2,3,2,3,2,3,7,0
CZE,Asylumn Seekers,179,211,191,354,172,203,178,138,790,2099,1160,662,207,118,104,128,222
DEU,Asylumn Seekers,55,54,73,63,63,63,83,67,103,87,36,32,26,79,90,93,113
EGY,Asylumn Seekers,1154,1445,1834,2025,2252,2329,1695,1632,1828,1638,1588,2626,4130,9487,11057,12154,13018
ERI,Asylumn Seekers,2573,2852,25842,2841,2826,4034,5056,12209,14604,14394,13599,14618,20557,28951,53738,62108,64212
ESP,Asylumn Seekers,23,18,28,40,31,27,20,15,23,53,70,86,90,75,75,88,119
FIN,Asylumn Seekers,5,8,8,5,3,6,2,0,0,2,2,4,6,5,1,2,0
FJI,Asylumn Seekers,1661,1918,1504,1022,522,373,255,193,201,360,300,260,268,460,767,430,510
FRA,Asylumn Seekers,48,61,81,72,59,56,42,53,58,78,44,54,49,55,47,84,101
GBR,Asylumn Seekers,71,81,77,67,47,63,49,38,28,48,46,49,48,70,86,117,100
GRC,Asylumn Seekers,28,51,39,44,33,43,23,12,16,21,37,37,125,106,56,69,73
GUY,Asylumn Seekers,203,381,1076,1300,667,387,298,240,276,325,171,106,78,140,145,227,286
HRV,Asylumn Seekers,368,348,522,468,359,214,221,125,137,140,355,745,1298,976,116,90,336
HUN,Asylumn Seekers,1962,4150,3120,1010,599,257,199,98,294,2455,3558,6012,3734,1960,341,706,1656
IDN,Asylumn Seekers,3624,4602,5322,7521,5780,4498,3273,2353,2225,2010,456,381,503,1129,1773,2652,3559
IRL,Asylumn Seekers,4,7,5,10,9,4,4,4,3,5,7,10,17,37,87,42,38
ISR,Asylumn Seekers,360,613,1024,950,770,626,945,948,1037,1062,799,516,418,299,289,391,524
ITA,Asylumn Seekers,36,31,35,32,27,23,17,14,34,34,54,41,64,79,112,147,132
JPN,Asylumn Seekers,13,25,27,24,71,56,31,22,32,32,8,42,46,53,64,68,68
KEN,Asylumn Seekers,864,722,10178,10872,11219,11444,1090,1730,2206,2979,1668,1603,1549,2210,2979,3282,3519
KHM,Asylumn Seekers,303,307,463,464,511,860,674,424,218,223,137,186,213,234,263,376,373
KWT,Asylumn Seekers,101,144,118,109,95,73,125,109,68,67,97,165,140,190,273,452,643
LBN,Asylumn Seekers,1541,1891,2371,2129,1611,2003,3159,2576,2291,1772,1521,1399,1984,2741,3914,6005,8436
LKA,Asylumn Seekers,6509,6601,4933,2962,3125,4238,4729,5980,7057,7566,8603,10245,14034,16158,17259,14797,15177
LTU,Asylumn Seekers,136,258,358,363,209,188,167,87,60,116,124,122,94,81,57,72,73
LVA,Asylumn Seekers,116,182,196,200,154,123,103,42,31,86,183,153,107,75,63,84,89
MDA,Asylumn Seekers,871,2150,1522,981,622,576,1277,909,888,739,633,460,445,878,1501,3431,4075
MDV,Asylumn Seekers,3,1,1,3,6,4,4,2,1,0,3,2,32,25,9,28,35
MEX,Asylumn Seekers,13059,22473,30873,26461,18836,12614,11817,14766,17443,20413,9970,5339,3605,12267,29354,46253,64245
MLI,Asylumn Seekers,190,368,317,232,195,353,430,636,750,766,403,404,1863,6552,12286,9883,9646
MMR,Asylumn Seekers,1021,1132,2036,10561,10506,41135,26316,19026,22338,22583,22270,24112,25633,44974,51357,60616,55940
MNG,Asylumn Seekers,602,851,1038,700,562,642,1853,1961,2070,2285,1802,1451,948,1265,2478,3535,3800
MOZ,Asylumn Seekers,6,21,49,168,314,371,15,684,682,9,19,357,870,1436,1411,2203,5699
MUS,Asylumn Seekers,11,21,25,21,17,18,22,24,25,17,43,106,118,125,165,209,198
MWI,Asylumn Seekers,7,17,151,1452,2936,3849,46,8190,8210,46,69,2968,4548,4278,3897,5680,3737
MYS,Asylumn Seekers,243,315,484,328,176,182,131,116,138,149,128,142,174,283,957,2833,6132
NLD,Asylumn Seekers,133,87,90,92,115,42,40,21,28,31,24,41,34,30,41,56,43
NPL,Asylumn Seekers,445,551,606,727,1312,2425,2431,2148,2112,1815,1177,2019,2521,3802,6717,8969,11503
PHL,Asylumn Seekers,1854,1844,2023,1835,988,867,801,758,910,804,675,369,380,889,1120,1901,3082
PNG,Asylumn Seekers,3,3,8,10,2,21,9,24,19,12,42,49,86,149,217,200,261
POL,Asylumn Seekers,551,880,821,902,575,612,379,192,227,247,156,356,323,279,273,404,556
PRK,Asylumn Seekers,54,53,71,45,69,78,105,237,211,129,278,549,1027,952,240,230,522
PRT,Asylumn Seekers,76,145,551,401,214,127,47,43,35,48,64,69,50,44,34,65,71
SAU,Asylumn Seekers,52,153,111,103,87,71,54,44,39,57,80,112,149,212,391,575,974
SGP,Asylumn Seekers,18,19,21,23,17,28,13,19,16,13,13,23,30,34,38,49,48
SLB,Asylumn Seekers,23,13,4,11,10,11,27,22,0,0,0,4,7,11,21,37,79
SLV,Asylumn Seekers,176479,164989,151585,128653,91772,45205,28783,18615,11160,9751,1553,1636,1648,11271,18037,31454,62156
SVN,Asylumn Seekers,22,27,35,28,13,21,16,11,12,19,16,7,12,14,7,13,12
TGO,Asylumn Seekers,1279,1972,2786,5729,5461,7479,6594,1319,1131,970,1032,2988,3032,1529,1714,2149,2609
THA,Asylumn Seekers,141,158,253,154,92,217,209,371,414,401,228,188,177,174,415,837,943
TLS,Asylumn Seekers,19,21,513,5,0,3,9,2,2,0,1,1,7,9,10,7,0
TON,Asylumn Seekers,20,48,66,40,13,10,17,18,26,25,10,22,39,63,83,62,78
URY,Asylumn Seekers,159,309,509,543,130,62,55,32,51,62,51,47,36,24,46,62,88
USA,Asylumn Seekers,92,111,235,352,273,263,398,1116,1755,1456,881,605,435,298,190,262,264
VNM,Asylumn Seekers,1529,3477,2092,1249,1083,1695,1772,1784,1712,1200,1129,1301,1404,2003,3149,4372,4534
VUT,Asylumn Seekers,2,1,0,0,0,0,0,0,0,2,2,2,0,0,0,1,0
WSM,Asylumn Seekers,2,9,5,5,1,3,2,1,0,1,2,0,12,9,10,13,5
ZWE,Asylumn Seekers,209,2699,1161,3471,9414,17326,1215,34333,34795,1404,1016,36699,41730,41838,42434,57391,43175
OMN,Asylumn Seekers,10,5,10,8,8,8,8,4,4,8,8,4,5,5,17,18,14
NER,Asylumn Seekers,253,418,564,459,360,591,481,277,271,280,325,286,365,434,562,783,821
GMB,Asylumn Seekers,285,311,291,346,450,662,1024,998,1137,1165,1057,1197,1774,3825,10636,12829,18869
MDG,Asylumn Seekers,15,11,17,33,18,19,25,5,17,32,22,18,33,172,209,173,26
NAM,Asylumn Seekers,8,153,183,187,182,41,20,21,28,48,347,1094,583,288,53,74,130
ARE,Asylumn Seekers,10,31,38,25,11,16,12,10,11,26,29,14,24,46,80,105,151
ATG,Asylumn Seekers,8,9,41,26,15,11,9,0,26,42,31,33,34,29,17,12,28
BFA,Asylumn Seekers,247,243,179,158,112,211,203,264,317,377,505,350,518,945,1592,2702,4173
BHS,Asylumn Seekers,10,24,161,18,20,18,19,25,25,32,30,37,38,27,42,82,114
BLZ,Asylumn Seekers,15,28,35,27,23,24,15,15,19,19,10,18,8,55,84,98,150
BRB,Asylumn Seekers,10,24,61,45,15,21,38,32,49,66,63,75,59,48,20,25,39
BTN,Asylumn Seekers,44,68,55,244,485,1110,1457,1643,1091,1008,1022,1020,103,167,192,227,277
BWA,Asylumn Seekers,2,6,11,18,7,11,32,56,153,197,188,175,128,107,67,68,121
CRI,Asylumn Seekers,226,671,1730,1470,351,133,75,66,66,79,76,40,27,461,127,218,297
DJI,Asylumn Seekers,147,182,115,71,40,218,113,32,66,162,232,287,312,406,426,549,829
DMA,Asylumn Seekers,16,27,49,29,19,46,18,9,23,22,18,10,12,19,17,87,110
DNK,Asylumn Seekers,4,1,9,6,6,7,7,2,7,1,4,3,1,7,7,10,0
GAB,Asylumn Seekers,17,51,50,35,27,57,40,25,33,48,41,51,66,106,141,238,415
GNQ,Asylumn Seekers,42,42,67,61,59,59,32,31,46,40,79,50,85,75,95,90,83
GRD,Asylumn Seekers,91,177,375,260,124,103,43,66,66,90,64,47,48,42,52,52,63
GTM,Asylumn Seekers,101802,99541,96114,88585,58643,31850,20533,14998,10253,9113,1029,1108,1332,8442,15807,26954,46207
HND,Asylumn Seekers,1187,1158,1249,1205,1267,1227,1358,673,943,1000,815,848,811,5293,10147,19455,35177
JAM,Asylumn Seekers,175,285,480,412,288,290,273,244,404,582,562,589,505,639,610,837,1127
KNA,Asylumn Seekers,4,2,5,4,1,1,4,8,8,13,13,15,24,26,12,20,17
LCA,Asylumn Seekers,28,69,274,274,148,201,142,179,336,598,684,681,516,260,33,53,196
MLT,Asylumn Seekers,4,3,4,9,4,2,4,1,0,0,1,0,0,0,1,4,0
PAN,Asylumn Seekers,52,74,108,89,69,58,20,34,36,40,53,34,31,28,30,56,76
SUR,Asylumn Seekers,52,54,43,37,34,21,25,12,13,12,7,8,19,21,47,50,20
SVK,Asylumn Seekers,798,672,706,400,211,203,282,104,132,353,427,541,631,397,327,548,580
SWZ,Asylumn Seekers,4,4,5,11,9,5,5,66,99,56,52,135,165,147,144,161,138
TKM,Asylumn Seekers,23,44,130,164,185,176,156,149,115,76,66,82,132,323,759,1215,1049
TTO,Asylumn Seekers,117,179,321,289,172,209,158,175,239,272,146,105,92,128,173,197,236
VCT,Asylumn Seekers,78,174,512,421,212,355,320,504,744,1073,1047,906,489,226,46,42,131
ESH,Asylumn Seekers,4,3,5,20,21,24,28,29,31,21,34,14,126,411,1180,1446,1993
SWE,Asylumn Seekers,5,9,16,24,8,10,18,7,18,15,28,22,40,9,10,17,11
SYC,Asylumn Seekers,12,24,28,15,10,10,8,11,16,9,4,6,1,5,17,22,5
STP,Asylumn Seekers,7,15,0,1,0,0,0,0,0,0,0,0,1,2,6,12,8
BEL,Asylumn Seekers,21,22,24,13,23,22,35,9,28,26,9,4,16,31,23,35,10
AND,Asylumn Seekers,1,7,3,3,4,3,1,3,3,2,2,0,0,0,0,4,0
CAN,Asylumn Seekers,7,13,20,25,20,36,45,60,61,11,5,8,11,30,67,341,49
CHE,Asylumn Seekers,1,1,5,2,1,2,2,4,6,5,1,1,4,0,2,4,9
ISL,Asylumn Seekers,1,0,0,3,6,2,2,0,0,1,2,1,2,3,4,3,0
LSO,Asylumn Seekers,1,8,5,4,6,7,5,13,17,4,5,164,285,681,666,1094,693
NOR,Asylumn Seekers,1,0,0,2,7,1,1,6,1,6,0,5,6,5,2,7,5
NZL,Asylumn Seekers,2,6,6,6,3,5,7,5,8,2,4,10,9,8,16,13,16
PLW,Asylumn Seekers,1,0,2,2,2,1,1,1,0,0,0,0,1,6,4,2,0
SMR,Asylumn Seekers,2,1,0,1,0,3,2,1,1,1,0,0,0,0,0,1,0
NRU,Asylumn Seekers,0,1,1,1,1,3,0,1,1,0,0,3,0,0,0,1,0
TUV,Asylumn Seekers,0,1,1,0,0,0,0,0,0,0,0,1,5,2,4,1,0
MCO,Asylumn Seekers,0,0,1,1,1,3,5,0,0,0,0,0,0,1,6,2,0
CYM,Asylumn Seekers,0,0,1,1,1,1,1,0,0,0,0,2,0,0,0,0,0
GIB,Asylumn Seekers,0,0,4,2,0,0,0,0,0,0,0,0,0,0,0,0,0
MHL,Asylumn Seekers,0,0,1,0,0,0,0,0,0,0,0,0,0,5,6,6,0
TCA,Asylumn Seekers,0,0,4,4,1,2,1,0,0,0,2,6,9,5,0,1,0
LUX,Asylumn Seekers,0,0,0,1,0,0,0,0,0,1,1,1,1,1,1,0,0
BMU,Asylumn Seekers,0,0,0,2,1,3,2,0,0,0,1,5,4,1,0,0,0
NIU,Asylumn Seekers,0,0,0,2,0,0,0,0,0,0,0,0,0,0,28,18,0
PYF,Asylumn Seekers,0,0,0,1,0,0,0,0,0,0,0,0,0,0,0,0,0
KIR,Asylumn Seekers,0,0,0,0,2,5,4,0,1,1,4,3,10,2,2,3,0
NCL,Asylumn Seekers,0,0,0,0,0,7,1,0,2,0,0,0,0,0,0,0,0
MNE,Asylumn Seekers,0,0,0,0,0,0,124,299,181,175,185,305,372,580,1292,3013,1122
GUF,Asylumn Seekers,0,0,0,0,0,0,0,1,1,2,1,0,0,0,0,0,0
BRN,Asylumn Seekers,0,0,0,0,0,0,0,0,0,0,1,1,0,0,1,5,0
PRI,Asylumn Seekers,0,0,0,0,0,0,0,0,0,0,0,0,0,0,0,0,0
COK,Asylumn Seekers,0,0,0,0,0,0,0,0,0,0,1,0,0,0,0,0,0
ABW,Asylumn Seekers,0,0,0,0,0,0,0,0,0,0,1,0,0,0,0,0,0
LIE,Asylumn Seekers,0,0,0,0,0,0,0,0,0,0,1,0,0,0,0,0,0
GLP,Asylumn Seekers,0,0,0,0,0,0,0,0,0,0,0,0,0,0,12,23,0
AIA,Asylumn Seekers,0,0,0,0,0,0,0,0,0,0,0,0,0,0,0,0,0
NFK,Asylumn Seekers,0,0,0,0,0,0,0,0,0,0,0,0,0,0,0,0,0
SJM,Asylumn Seekers,0,0,0,0,0,0,0,0,0,0,0,0,0,0,0,1,0
ASM,Asylumn Seekers,0,0,0,0,0,0,0,0,0,0,0,0,0,0,0,0,0
